5.99970001499925E-4
6.999650017499125E-4
4.4997750112494374E-4
4.999750012499375E-4
3.4998250087495624E-4
8.999550022498875E-4
4.4997750112494374E-4
2.4998750062496874E-4
6.999650017499125E-4
2.4998750062496874E-4
5.99970001499925E-4
2.999850007499625E-4
4.4997750112494374E-4
2.999850007499625E-4
4.4997750112494374E-4
5.99970001499925E-4
4.4997750112494374E-4
5.499725013749313E-4
1.99990000499975E-4
4.4997750112494374E-4
3.4998250087495624E-4
4.4997750112494374E-4
5.499725013749313E-4
5.499725013749313E-4
3.4998250087495624E-4
6.499675016249188E-4
6.499675016249188E-4
1.99990000499975E-4
1.99990000499975E-4
6.999650017499125E-4
6.499675016249188E-4
6.499675016249188E-4
3.4998250087495624E-4
6.499675016249188E-4
3.4998250087495624E-4
5.99970001499925E-4
3.9998000099995E-4
4.4997750112494374E-4
3.4998250087495624E-4
3.9998000099995E-4
5.499725013749313E-4
7.999600019999E-4
3.9998000099995E-4
6.499675016249188E-4
7.999600019999E-4
2.4998750062496874E-4
5.499725013749313E-4
4.999750012499375E-4
4.4997750112494374E-4
5.499725013749313E-4
2.4998750062496874E-4
7.999600019999E-4
3.9998000099995E-4
2.4998750062496874E-4
4.4997750112494374E-4
4.4997750112494374E-4
5.99970001499925E-4
3.9998000099995E-4
3.9998000099995E-4
4.4997750112494374E-4
5.99970001499925E-4
5.99970001499925E-4
3.4998250087495624E-4
6.999650017499125E-4
3.4998250087495624E-4
6.499675016249188E-4
3.9998000099995E-4
3.9998000099995E-4
5.99970001499925E-4
7.499625018749063E-4
2.999850007499625E-4
1.99990000499975E-4
3.4998250087495624E-4
3.9998000099995E-4
6.499675016249188E-4
4.999750012499375E-4
5.99970001499925E-4
4.4997750112494374E-4
4.4997750112494374E-4
4.4997750112494374E-4
6.499675016249188E-4
3.9998000099995E-4
4.999750012499375E-4
3.9998000099995E-4
4.4997750112494374E-4
4.999750012499375E-4
2.4998750062496874E-4
4.999750012499375E-4
6.999650017499125E-4
4.4997750112494374E-4
2.999850007499625E-4
6.499675016249188E-4
4.999750012499375E-5
4.4997750112494374E-4
4.999750012499375E-4
5.99970001499925E-4
3.9998000099995E-4
5.99970001499925E-4
3.4998250087495624E-4
6.999650017499125E-4
3.9998000099995E-4
3.4998250087495624E-4
2.4998750062496874E-4
6.999650017499125E-4
5.499725013749313E-4
5.99970001499925E-4
4.999750012499375E-4
6.499675016249188E-4
5.499725013749313E-4
4.4997750112494374E-4
4.999750012499375E-4
1.99990000499975E-4
3.9998000099995E-4
6.499675016249188E-4
5.499725013749313E-4
1.99990000499975E-4
2.4998750062496874E-4
3.4998250087495624E-4
4.4997750112494374E-4
5.99970001499925E-4
3.4998250087495624E-4
6.499675016249188E-4
8.499575021248938E-4
6.999650017499125E-4
3.9998000099995E-4
2.999850007499625E-4
6.999650017499125E-4
2.999850007499625E-4
1.99990000499975E-4
7.499625018749063E-4
4.4997750112494374E-4
1.99990000499975E-4
5.499725013749313E-4
4.999750012499375E-4
3.9998000099995E-4
6.499675016249188E-4
2.999850007499625E-4
5.499725013749313E-4
4.999750012499375E-4
4.4997750112494374E-4
5.499725013749313E-4
5.499725013749313E-4
4.999750012499375E-4
2.999850007499625E-4
3.4998250087495624E-4
5.99970001499925E-4
4.4997750112494374E-4
5.99970001499925E-4
5.499725013749313E-4
6.499675016249188E-4
3.4998250087495624E-4
2.4998750062496874E-4
2.4998750062496874E-4
3.4998250087495624E-4
6.999650017499125E-4
3.4998250087495624E-4
3.9998000099995E-4
3.4998250087495624E-4
5.99970001499925E-4
2.999850007499625E-4
4.4997750112494374E-4
6.499675016249188E-4
6.999650017499125E-4
5.99970001499925E-4
8.499575021248938E-4
5.99970001499925E-4
5.99970001499925E-4
3.9998000099995E-4
4.999750012499375E-4
4.999750012499375E-4
3.9998000099995E-4
7.499625018749063E-4
3.4998250087495624E-4
4.4997750112494374E-4
4.999750012499375E-5
5.99970001499925E-4
5.99970001499925E-4
5.499725013749313E-4
8.999550022498875E-4
4.999750012499375E-4
3.4998250087495624E-4
3.4998250087495624E-4
4.4997750112494374E-4
5.99970001499925E-4
3.4998250087495624E-4
4.999750012499375E-4
5.499725013749313E-4
4.4997750112494374E-4
7.499625018749063E-4
2.999850007499625E-4
3.4998250087495624E-4
5.499725013749313E-4
6.999650017499125E-4
4.4997750112494374E-4
2.999850007499625E-4
4.4997750112494374E-4
4.999750012499375E-4
2.999850007499625E-4
2.4998750062496874E-4
3.4998250087495624E-4
3.9998000099995E-4
3.4998250087495624E-4
7.499625018749063E-4
5.499725013749313E-4
6.499675016249188E-4
5.99970001499925E-4
2.4998750062496874E-4
3.9998000099995E-4
4.999750012499375E-4
6.499675016249188E-4
4.4997750112494374E-4
4.999750012499375E-4
5.499725013749313E-4
5.499725013749313E-4
4.4997750112494374E-4
3.4998250087495624E-4
2.999850007499625E-4
5.99970001499925E-4
8.499575021248938E-4
4.4997750112494374E-4
5.499725013749313E-4
6.499675016249188E-4
5.99970001499925E-4
6.999650017499125E-4
3.9998000099995E-4
2.999850007499625E-4
5.499725013749313E-4
3.4998250087495624E-4
7.499625018749063E-4
4.999750012499375E-4
4.4997750112494374E-4
5.499725013749313E-4
5.99970001499925E-4
4.4997750112494374E-4
4.999750012499375E-4
7.499625018749063E-4
5.499725013749313E-4
3.9998000099995E-4
6.499675016249188E-4
4.4997750112494374E-4
3.9998000099995E-4
3.4998250087495624E-4
5.99970001499925E-4
3.9998000099995E-4
5.499725013749313E-4
3.9998000099995E-4
3.9998000099995E-4
8.999550022498875E-4
6.999650017499125E-4
6.499675016249188E-4
6.499675016249188E-4
6.499675016249188E-4
4.999750012499375E-4
5.99970001499925E-4
7.499625018749063E-4
5.99970001499925E-4
4.999750012499375E-4
2.999850007499625E-4
3.4998250087495624E-4
4.4997750112494374E-4
6.499675016249188E-4
3.9998000099995E-4
2.999850007499625E-4
4.999750012499375E-4
6.499675016249188E-4
4.4997750112494374E-4
7.499625018749063E-4
4.999750012499375E-4
5.99970001499925E-4
4.999750012499375E-4
4.999750012499375E-4
5.99970001499925E-4
4.999750012499375E-4
5.99970001499925E-4
7.499625018749063E-4
7.499625018749063E-4
5.499725013749313E-4
5.99970001499925E-4
3.4998250087495624E-4
6.999650017499125E-4
4.999750012499375E-4
4.999750012499375E-4
5.499725013749313E-4
3.9998000099995E-4
2.999850007499625E-4
4.999750012499375E-4
4.999750012499375E-4
2.999850007499625E-4
3.9998000099995E-4
5.99970001499925E-4
4.4997750112494374E-4
2.4998750062496874E-4
2.999850007499625E-4
2.4998750062496874E-4
5.99970001499925E-4
3.9998000099995E-4
4.4997750112494374E-4
5.499725013749313E-4
3.9998000099995E-4
2.999850007499625E-4
4.999750012499375E-4
8.499575021248938E-4
3.9998000099995E-4
8.999550022498875E-4
3.9998000099995E-4
3.4998250087495624E-4
4.999750012499375E-4
4.4997750112494374E-4
6.499675016249188E-4
3.4998250087495624E-4
6.499675016249188E-4
7.999600019999E-4
5.499725013749313E-4
5.499725013749313E-4
3.4998250087495624E-4
5.99970001499925E-4
4.4997750112494374E-4
3.4998250087495624E-4
8.499575021248938E-4
2.999850007499625E-4
6.499675016249188E-4
4.4997750112494374E-4
2.4998750062496874E-4
5.499725013749313E-4
6.499675016249188E-4
5.99970001499925E-4
2.999850007499625E-4
3.4998250087495624E-4
4.999750012499375E-4
3.9998000099995E-4
4.999750012499375E-4
6.499675016249188E-4
5.99970001499925E-4
3.9998000099995E-4
5.99970001499925E-4
2.999850007499625E-4
4.999750012499375E-4
6.499675016249188E-4
5.99970001499925E-4
2.999850007499625E-4
7.499625018749063E-4
2.999850007499625E-4
4.999750012499375E-4
6.499675016249188E-4
3.4998250087495624E-4
2.4998750062496874E-4
6.499675016249188E-4
4.4997750112494374E-4
3.4998250087495624E-4
6.999650017499125E-4
6.499675016249188E-4
3.9998000099995E-4
4.999750012499375E-4
4.4997750112494374E-4
5.499725013749313E-4
3.9998000099995E-4
8.499575021248938E-4
5.499725013749313E-4
7.499625018749063E-4
6.999650017499125E-4
4.4997750112494374E-4
1.4999250037498125E-4
3.4998250087495624E-4
3.9998000099995E-4
4.4997750112494374E-4
9.99950002499875E-4
3.4998250087495624E-4
6.499675016249188E-4
3.9998000099995E-4
6.499675016249188E-4
4.4997750112494374E-4
3.9998000099995E-4
4.999750012499375E-4
5.499725013749313E-4
5.99970001499925E-4
2.4998750062496874E-4
3.4998250087495624E-4
1.4999250037498125E-4
3.9998000099995E-4
5.499725013749313E-4
5.499725013749313E-4
6.499675016249188E-4
4.999750012499375E-4
3.4998250087495624E-4
5.499725013749313E-4
4.999750012499375E-4
2.999850007499625E-4
4.4997750112494374E-4
5.499725013749313E-4
4.999750012499375E-4
3.4998250087495624E-4
5.499725013749313E-4
6.499675016249188E-4
5.499725013749313E-4
7.499625018749063E-4
5.499725013749313E-4
5.499725013749313E-4
4.999750012499375E-4
4.999750012499375E-4
4.999750012499375E-4
2.4998750062496874E-4
5.499725013749313E-4
4.4997750112494374E-4
6.499675016249188E-4
4.999750012499375E-4
4.999750012499375E-4
6.499675016249188E-4
5.499725013749313E-4
2.999850007499625E-4
6.499675016249188E-4
6.499675016249188E-4
7.499625018749063E-4
3.9998000099995E-4
3.9998000099995E-4
5.499725013749313E-4
2.4998750062496874E-4
6.499675016249188E-4
2.4998750062496874E-4
6.999650017499125E-4
5.499725013749313E-4
5.499725013749313E-4
6.999650017499125E-4
5.499725013749313E-4
5.499725013749313E-4
4.999750012499375E-4
4.999750012499375E-4
5.499725013749313E-4
7.499625018749063E-4
3.9998000099995E-4
9.99950002499875E-4
3.4998250087495624E-4
4.4997750112494374E-4
6.499675016249188E-4
4.4997750112494374E-4
4.4997750112494374E-4
5.499725013749313E-4
3.4998250087495624E-4
5.499725013749313E-4
5.499725013749313E-4
4.4997750112494374E-4
3.9998000099995E-4
5.99970001499925E-4
7.499625018749063E-4
3.9998000099995E-4
5.499725013749313E-4
3.9998000099995E-4
4.4997750112494374E-4
6.499675016249188E-4
2.4998750062496874E-4
2.999850007499625E-4
2.999850007499625E-4
4.4997750112494374E-4
8.499575021248938E-4
4.999750012499375E-4
3.4998250087495624E-4
3.4998250087495624E-4
4.999750012499375E-4
4.4997750112494374E-4
6.499675016249188E-4
3.9998000099995E-4
5.99970001499925E-4
5.499725013749313E-4
2.999850007499625E-4
3.9998000099995E-4
5.99970001499925E-4
5.99970001499925E-4
4.4997750112494374E-4
6.499675016249188E-4
3.9998000099995E-4
3.4998250087495624E-4
6.999650017499125E-4
2.999850007499625E-4
3.4998250087495624E-4
5.499725013749313E-4
6.499675016249188E-4
3.4998250087495624E-4
3.4998250087495624E-4
5.99970001499925E-4
2.999850007499625E-4
4.4997750112494374E-4
5.499725013749313E-4
5.99970001499925E-4
5.99970001499925E-4
6.999650017499125E-4
5.499725013749313E-4
6.499675016249188E-4
9.99950002499875E-4
4.999750012499375E-4
5.499725013749313E-4
6.499675016249188E-4
3.4998250087495624E-4
2.999850007499625E-4
5.499725013749313E-4
4.999750012499375E-4
5.99970001499925E-4
2.4998750062496874E-4
3.9998000099995E-4
5.99970001499925E-4
5.499725013749313E-4
5.499725013749313E-4
4.999750012499375E-4
3.4998250087495624E-4
3.4998250087495624E-4
4.4997750112494374E-4
7.499625018749063E-4
3.9998000099995E-4
3.9998000099995E-4
4.4997750112494374E-4
4.4997750112494374E-4
1.99990000499975E-4
5.99970001499925E-4
7.499625018749063E-4
6.999650017499125E-4
4.4997750112494374E-4
3.4998250087495624E-4
5.99970001499925E-4
2.4998750062496874E-4
5.499725013749313E-4
6.499675016249188E-4
5.499725013749313E-4
6.499675016249188E-4
3.9998000099995E-4
3.9998000099995E-4
6.499675016249188E-4
4.999750012499375E-4
6.499675016249188E-4
4.4997750112494374E-4
1.99990000499975E-4
4.4997750112494374E-4
3.9998000099995E-4
2.999850007499625E-4
6.499675016249188E-4
3.4998250087495624E-4
3.9998000099995E-4
3.4998250087495624E-4
2.999850007499625E-4
5.499725013749313E-4
5.99970001499925E-4
6.999650017499125E-4
2.999850007499625E-4
3.9998000099995E-4
5.99970001499925E-4
6.999650017499125E-4
5.99970001499925E-4
4.4997750112494374E-4
6.999650017499125E-4
2.4998750062496874E-4
3.9998000099995E-4
2.4998750062496874E-4
5.99970001499925E-4
4.999750012499375E-4
5.499725013749313E-4
7.999600019999E-4
6.499675016249188E-4
2.999850007499625E-4
4.999750012499375E-4
1.4999250037498125E-4
1.4999250037498125E-4
7.499625018749063E-4
6.499675016249188E-4
5.499725013749313E-4
2.4998750062496874E-4
3.9998000099995E-4
6.499675016249188E-4
2.999850007499625E-4
1.99990000499975E-4
4.999750012499375E-4
7.499625018749063E-4
4.4997750112494374E-4
2.999850007499625E-4
4.4997750112494374E-4
5.99970001499925E-4
3.9998000099995E-4
4.4997750112494374E-4
6.999650017499125E-4
4.4997750112494374E-4
3.4998250087495624E-4
6.499675016249188E-4
6.499675016249188E-4
3.9998000099995E-4
1.4999250037498125E-4
6.499675016249188E-4
3.9998000099995E-4
4.4997750112494374E-4
6.999650017499125E-4
7.499625018749063E-4
5.99970001499925E-4
3.9998000099995E-4
3.4998250087495624E-4
8.499575021248938E-4
3.4998250087495624E-4
5.499725013749313E-4
5.99970001499925E-4
3.9998000099995E-4
1.99990000499975E-4
4.4997750112494374E-4
2.999850007499625E-4
5.499725013749313E-4
3.4998250087495624E-4
4.4997750112494374E-4
4.4997750112494374E-4
4.999750012499375E-4
2.999850007499625E-4
6.499675016249188E-4
4.999750012499375E-4
5.499725013749313E-4
5.99970001499925E-4
5.99970001499925E-4
4.4997750112494374E-4
6.499675016249188E-4
5.499725013749313E-4
6.499675016249188E-4
1.99990000499975E-4
5.99970001499925E-4
5.99970001499925E-4
3.9998000099995E-4
4.999750012499375E-4
5.99970001499925E-4
5.499725013749313E-4
3.4998250087495624E-4
6.499675016249188E-4
5.499725013749313E-4
4.4997750112494374E-4
6.999650017499125E-4
7.499625018749063E-4
4.4997750112494374E-4
4.4997750112494374E-4
4.4997750112494374E-4
7.499625018749063E-4
6.999650017499125E-4
5.499725013749313E-4
6.499675016249188E-4
2.999850007499625E-4
2.4998750062496874E-4
6.999650017499125E-4
2.999850007499625E-4
5.499725013749313E-4
4.4997750112494374E-4
3.9998000099995E-4
4.999750012499375E-4
3.4998250087495624E-4
3.9998000099995E-4
3.9998000099995E-4
4.999750012499375E-4
3.4998250087495624E-4
4.4997750112494374E-4
6.499675016249188E-4
5.99970001499925E-4
4.999750012499375E-4
4.999750012499375E-4
8.499575021248938E-4
5.499725013749313E-4
4.999750012499375E-4
8.499575021248938E-4
2.999850007499625E-4
3.9998000099995E-4
3.9998000099995E-4
3.4998250087495624E-4
2.999850007499625E-4
4.999750012499375E-4
3.9998000099995E-4
8.499575021248938E-4
2.999850007499625E-4
4.999750012499375E-4
3.9998000099995E-4
5.499725013749313E-4
1.4999250037498125E-4
4.4997750112494374E-4
4.4997750112494374E-4
4.999750012499375E-4
4.999750012499375E-4
4.4997750112494374E-4
4.4997750112494374E-4
5.99970001499925E-4
4.4997750112494374E-4
5.99970001499925E-4
6.499675016249188E-4
4.4997750112494374E-4
2.4998750062496874E-4
5.499725013749313E-4
7.999600019999E-4
6.499675016249188E-4
6.499675016249188E-4
5.99970001499925E-4
7.999600019999E-4
3.9998000099995E-4
7.499625018749063E-4
7.999600019999E-4
6.499675016249188E-4
4.999750012499375E-4
2.999850007499625E-4
4.4997750112494374E-4
4.4997750112494374E-4
2.4998750062496874E-4
5.499725013749313E-4
2.4998750062496874E-4
5.99970001499925E-4
6.499675016249188E-4
6.999650017499125E-4
3.9998000099995E-4
3.4998250087495624E-4
5.499725013749313E-4
4.999750012499375E-4
3.4998250087495624E-4
6.499675016249188E-4
6.499675016249188E-4
1.4999250037498125E-4
8.999550022498875E-4
3.9998000099995E-4
5.99970001499925E-4
4.4997750112494374E-4
6.499675016249188E-4
6.999650017499125E-4
2.999850007499625E-4
4.4997750112494374E-4
2.4998750062496874E-4
2.4998750062496874E-4
1.99990000499975E-4
8.499575021248938E-4
4.4997750112494374E-4
4.999750012499375E-4
4.4997750112494374E-4
8.499575021248938E-4
4.4997750112494374E-4
6.999650017499125E-4
4.999750012499375E-4
6.499675016249188E-4
3.9998000099995E-4
4.4997750112494374E-4
5.99970001499925E-4
4.4997750112494374E-4
3.9998000099995E-4
6.499675016249188E-4
4.4997750112494374E-4
3.4998250087495624E-4
4.999750012499375E-4
5.499725013749313E-4
4.4997750112494374E-4
2.4998750062496874E-4
4.4997750112494374E-4
3.9998000099995E-4
4.4997750112494374E-4
6.999650017499125E-4
4.4997750112494374E-4
3.9998000099995E-4
3.4998250087495624E-4
5.99970001499925E-4
4.999750012499375E-4
4.999750012499375E-4
4.4997750112494374E-4
5.499725013749313E-4
4.4997750112494374E-4
2.999850007499625E-4
4.4997750112494374E-4
3.9998000099995E-4
3.4998250087495624E-4
5.499725013749313E-4
3.9998000099995E-4
2.4998750062496874E-4
5.499725013749313E-4
4.4997750112494374E-4
4.999750012499375E-4
4.4997750112494374E-4
3.4998250087495624E-4
8.499575021248938E-4
7.999600019999E-4
3.9998000099995E-4
5.499725013749313E-4
5.99970001499925E-4
3.9998000099995E-4
4.4997750112494374E-4
3.9998000099995E-4
5.499725013749313E-4
8.999550022498875E-4
2.4998750062496874E-4
4.999750012499375E-4
5.99970001499925E-4
4.4997750112494374E-4
5.99970001499925E-4
4.999750012499375E-4
5.499725013749313E-4
4.999750012499375E-4
6.499675016249188E-4
5.499725013749313E-4
6.499675016249188E-4
5.99970001499925E-4
3.9998000099995E-4
7.499625018749063E-4
5.99970001499925E-4
5.99970001499925E-4
5.99970001499925E-4
5.99970001499925E-4
3.9998000099995E-4
6.499675016249188E-4
3.9998000099995E-4
3.4998250087495624E-4
4.999750012499375E-4
5.499725013749313E-4
5.499725013749313E-4
2.999850007499625E-4
8.999550022498875E-4
4.999750012499375E-4
1.99990000499975E-4
9.99950002499875E-4
6.499675016249188E-4
5.99970001499925E-4
7.499625018749063E-4
2.4998750062496874E-4
7.499625018749063E-4
5.499725013749313E-4
6.999650017499125E-4
4.4997750112494374E-4
5.499725013749313E-4
3.9998000099995E-4
4.4997750112494374E-4
4.4997750112494374E-4
5.499725013749313E-4
6.499675016249188E-4
6.499675016249188E-4
3.9998000099995E-4
6.999650017499125E-4
7.999600019999E-4
5.499725013749313E-4
5.99970001499925E-4
4.999750012499375E-4
8.499575021248938E-4
6.499675016249188E-4
4.4997750112494374E-4
2.999850007499625E-4
3.4998250087495624E-4
2.999850007499625E-4
3.9998000099995E-4
4.4997750112494374E-4
4.4997750112494374E-4
4.4997750112494374E-4
4.4997750112494374E-4
5.99970001499925E-4
6.499675016249188E-4
5.99970001499925E-4
5.499725013749313E-4
3.9998000099995E-4
4.999750012499375E-5
3.9998000099995E-4
2.999850007499625E-4
6.999650017499125E-4
4.999750012499375E-4
7.499625018749063E-4
5.499725013749313E-4
5.99970001499925E-4
7.999600019999E-4
2.999850007499625E-4
6.499675016249188E-4
4.4997750112494374E-4
4.4997750112494374E-4
5.499725013749313E-4
4.4997750112494374E-4
3.9998000099995E-4
5.99970001499925E-4
2.999850007499625E-4
4.4997750112494374E-4
2.999850007499625E-4
6.999650017499125E-4
3.9998000099995E-4
4.999750012499375E-4
6.999650017499125E-4
6.999650017499125E-4
3.4998250087495624E-4
5.499725013749313E-4
3.4998250087495624E-4
9.99950002499875E-4
5.499725013749313E-4
3.9998000099995E-4
7.499625018749063E-4
5.499725013749313E-4
3.4998250087495624E-4
5.499725013749313E-4
3.4998250087495624E-4
3.4998250087495624E-4
4.999750012499375E-4
5.499725013749313E-4
4.4997750112494374E-4
3.4998250087495624E-4
4.4997750112494374E-4
4.4997750112494374E-4
3.9998000099995E-4
4.4997750112494374E-4
4.4997750112494374E-4
4.4997750112494374E-4
3.4998250087495624E-4
3.4998250087495624E-4
3.9998000099995E-4
4.999750012499375E-4
6.499675016249188E-4
5.499725013749313E-4
5.499725013749313E-4
1.99990000499975E-4
5.99970001499925E-4
6.499675016249188E-4
5.499725013749313E-4
6.999650017499125E-4
6.499675016249188E-4
3.4998250087495624E-4
1.99990000499975E-4
2.999850007499625E-4
4.4997750112494374E-4
3.9998000099995E-4
3.9998000099995E-4
7.999600019999E-4
7.499625018749063E-4
5.499725013749313E-4
6.499675016249188E-4
3.4998250087495624E-4
4.4997750112494374E-4
2.999850007499625E-4
5.499725013749313E-4
6.499675016249188E-4
5.99970001499925E-4
3.4998250087495624E-4
3.9998000099995E-4
5.499725013749313E-4
4.999750012499375E-4
5.99970001499925E-4
4.999750012499375E-4
4.999750012499375E-4
6.499675016249188E-4
3.9998000099995E-4
7.499625018749063E-4
5.499725013749313E-4
5.499725013749313E-4
5.499725013749313E-4
4.4997750112494374E-4
4.4997750112494374E-4
3.9998000099995E-4
4.4997750112494374E-4
4.999750012499375E-4
2.999850007499625E-4
3.4998250087495624E-4
2.999850007499625E-4
2.999850007499625E-4
5.99970001499925E-4
5.99970001499925E-4
2.4998750062496874E-4
5.499725013749313E-4
3.9998000099995E-4
7.499625018749063E-4
6.999650017499125E-4
2.999850007499625E-4
5.499725013749313E-4
2.999850007499625E-4
3.9998000099995E-4
4.4997750112494374E-4
1.99990000499975E-4
0.00119994000299985
3.9998000099995E-4
3.9998000099995E-4
3.4998250087495624E-4
6.499675016249188E-4
2.4998750062496874E-4
7.999600019999E-4
4.999750012499375E-4
6.999650017499125E-4
3.4998250087495624E-4
4.999750012499375E-4
5.499725013749313E-4
3.9998000099995E-4
5.99970001499925E-4
3.9998000099995E-4
4.4997750112494374E-4
4.999750012499375E-4
4.999750012499375E-4
5.499725013749313E-4
4.999750012499375E-4
4.999750012499375E-4
2.999850007499625E-4
7.999600019999E-4
4.999750012499375E-4
4.4997750112494374E-4
7.499625018749063E-4
4.999750012499375E-4
4.999750012499375E-4
4.999750012499375E-4
6.499675016249188E-4
6.999650017499125E-4
6.999650017499125E-4
4.4997750112494374E-4
7.499625018749063E-4
5.499725013749313E-4
4.4997750112494374E-4
4.999750012499375E-4
3.9998000099995E-4
5.99970001499925E-4
3.4998250087495624E-4
4.4997750112494374E-4
5.499725013749313E-4
3.4998250087495624E-4
3.4998250087495624E-4
5.499725013749313E-4
4.999750012499375E-4
6.999650017499125E-4
5.499725013749313E-4
0.0
