0.004975124378109453
0.004975124378109453
0.004975124378109453
0.004975124378109453
0.004975124378109453
0.004975124378109453
0.004975124378109453
0.004975124378109453
0.004975124378109453
0.004975124378109453
0.004975124378109453
0.004975124378109453
0.004975124378109453
0.004975124378109453
0.004975124378109453
0.004975124378109453
0.004975124378109453
0.004975124378109453
0.004975124378109453
0.004975124378109453
0.004975124378109453
0.004975124378109453
0.004975124378109453
0.004975124378109453
0.004975124378109453
0.004975124378109453
0.004975124378109453
0.004975124378109453
0.004975124378109453
0.009950248756218905
0.004975124378109453
0.004975124378109453
0.004975124378109453
0.004975124378109453
0.004975124378109453
0.009950248756218905
0.004975124378109453
0.004975124378109453
0.004975124378109453
0.004975124378109453
0.004975124378109453
0.004975124378109453
0.004975124378109453
0.004975124378109453
0.004975124378109453
0.004975124378109453
0.004975124378109453
0.004975124378109453
0.004975124378109453
0.004975124378109453
0.004975124378109453
0.004975124378109453
0.004975124378109453
0.004975124378109453
0.004975124378109453
0.004975124378109453
0.004975124378109453
0.004975124378109453
0.004975124378109453
0.004975124378109453
0.004975124378109453
0.004975124378109453
0.004975124378109453
0.004975124378109453
0.004975124378109453
0.004975124378109453
0.004975124378109453
0.004975124378109453
0.004975124378109453
0.004975124378109453
0.004975124378109453
0.004975124378109453
0.004975124378109453
0.004975124378109453
0.009950248756218905
0.004975124378109453
0.004975124378109453
0.004975124378109453
0.004975124378109453
0.004975124378109453
0.004975124378109453
0.004975124378109453
0.004975124378109453
0.004975124378109453
0.004975124378109453
0.004975124378109453
0.004975124378109453
0.009950248756218905
0.004975124378109453
0.004975124378109453
0.004975124378109453
0.004975124378109453
0.004975124378109453
0.004975124378109453
0.004975124378109453
0.004975124378109453
