0
2
2
3
4
6
6
7
7
7
7
8
9
10
13
13
16
17
20
20
20
20
21
23
23
24
25
26
26
29
29
29
31
32
32
34
34
34
35
37
37
38
38
41
42
42
43
44
44
46
46
47
48
48
49
50
52
53
55
55
55
56
58
58
59
59
61
64
64
65
65
66
67
68
69
71
72
74
74
77
77
78
80
80
80
81
81
82
84
84
84
85
87
87
88
90
91
92
92
96
99
99
100
102
104
105
106
107
107
108
109
110
111
113
113
114
116
119
120
121
122
123
123
124
125
125
127
127
129
129
130
130
130
132
133
136
136
136
137
137
138
139
140
140
140
140
142
142
142
142
142
143
144
144
144
144
145
145
145
146
146
148
148
148
150
152
152
152
153
155
159
160
162
163
165
168
171
172
175
176
176
177
178
178
179
179
180
181
183
183
183
184
184
186
187
190
192
193
193
194
194
194
195
196
197
199
203
204
207
208
209
210
210
216
216
217
218
218
218
218
219
220
220
220
221
222
222
226
226
228
229
229
233
234
234
236
237
238
240
241
241
242
244
245
249
251
252
253
253
254
254
257
259
259
260
261
261
263
263
263
264
264
264
264
265
265
269
270
271
272
274
275
275
280
282
283
283
283
285
285
285
286
287
289
291
293
293
296
296
297
297
299
300
300
302
303
305
306
307
307
307
308
309
309
310
313
314
314
314
314
314
316
316
317
318
318
319
319
319
320
320
320
321
322
322
323
325
325
325
325
326
328
331
332
333
336
336
337
337
343
343
344
344
344
344
346
347
348
349
350
350
352
353
353
355
356
356
357
357
358
360
361
361
361
364
366
366
366
366
367
368
369
370
370
371
372
373
373
373
374
375
376
377
377
379
380
382
382
382
383
383
384
386
387
389
389
390
390
390
391
391
392
394
394
394
395
396
396
396
396
397
398
398
399
401
402
403
404
407
409
410
410
410
411
412
420
421
421
422
423
424
424
426
426
427
428
428
428
428
430
430
430
430
431
432
434
438
440
444
445
446
447
449
451
451
452
456
456
457
458
460
464
464
466
466
470
470
470
470
473
474
474
474
475
476
477
478
479
479
479
480
481
481
481
482
485
488
490
491
491
491
492
492
492
494
494
495
495
496
497
497
497
498
499
502
503
504
505
507
508
509
509
511
512
512
512
515
517
517
519
520
522
523
523
526
526
527
528
529
529
529
530
532
533
533
533
534
534
535
535
537
537
538
538
539
539
540
540
540
542
543
544
547
549
549
549
550
550
550
552
553
553
555
556
557
558
559
562
562
564
565
565
566
567
567
570
570
570
571
572
573
575
575
578
578
579
580
580
581
583
583
584
584
584
584
584
585
585
586
587
587
587
588
589
590
590
591
593
593
593
593
594
595
598
599
601
602
603
603
605
607
607
607
608
609
611
611
612
614
615
615
615
615
617
617
621
621
621
622
627
627
628
630
631
633
633
633
634
635
636
636
639
639
641
641
642
642
644
646
648
648
649
649
649
651
652
652
653
658
658
659
661
662
663
664
665
665
667
669
672
672
673
674
674
675
675
676
676
677
678
678
678
679
679
685
685
686
686
688
690
690
691
692
694
694
696
699
700
702
703
703
705
708
709
709
709
709
710
711
712
716
717
717
721
722
722
723
723
724
725
726
728
729
731
732
733
734
734
736
737
737
739
742
743
744
744
745
745
746
747
748
749
750
750
753
753
753
756
757
759
759
759
760
761
763
766
767
770
770
771
772
772
772
773
773
773
774
775
777
778
778
779
780
780
780
783
783
787
788
788
789
790
790
792
792
797
797
798
798
798
800
801
801
802
803
803
803
804
805
806
811
811
811
816
816
819
819
820
821
821
822
823
825
826
827
827
827
828
828
828
829
831
833
834
836
836
837
843
843
843
844
844
844
846
846
846
846
846
850
852
853
854
856
862
864
867
867
868
868
869
870
871
871
872
872
873
875
875
877
877
880
880
880
881
881
882
883
883
883
883
883
883
884
889
889
889
891
892
892
893
893
894
895
895
899
899
899
900
901
902
903
905
906
907
907
909
911
912
913
913
915
916
917
917
918
918
918
919
919
920
921
922
923
924
925
926
927
927
927
928
928
928
934
935
936
936
937
938
939
940
941
941
942
943
944
945
946
946
948
948
948
950
950
950
951
951
952
955
957
958
959
960
960
964
964
967
968
968
969
970
970
974
975
975
976
976
977
977
978
980
981
981
981
981
982
982
983
984
986
986
987
987
988
988
992
992
997
998
998
998
